"Origin domain","Origin page","Anchor","Link"
"swipf.ch","https://www.swipf.ch/leistungen/weitere-dienstleistungen.html","Kontaktieren","http://swipf.visionsmedialab.ch/manager/%5B%5B~2%5D%5D"
"swipf.ch","https://www.swipf.ch/leistungen/weitere-dienstleistungen.html","Anfrage","http://swipf.visionsmedialab.ch/manager/%5B%5B~2%5D%5D"
"swipf.ch","https://www.swipf.ch/leistungen/weitere-dienstleistungen.html","Fragen Sie uns","http://swipf.visionsmedialab.ch/manager/%5B%5B~2%5D%5D"
"swipf.ch","https://www.swipf.ch/leistungen/weitere-dienstleistungen.html","Kontaktieren","http://swipf.visionsmedialab.ch/manager/%5B%5B~2%5D%5D"
"swipf.ch","https://www.swipf.ch/food.html","Metzgerei Frey AG","http://www.example.com"
"swipf.ch","https://www.swipf.ch/food.html","Metzgerei Frey AG","http://www.example.com/"
"swipf.ch","https://www.swipf.ch/food.html","Braun AG","http://swipf.visionsmedialab.ch/aktuelles/braun-gemuese-und-fruechte-ag.html"
"swipf.ch","https://www.swipf.ch/food.html","Metzgerei Frey AG","http://swipf.visionsmedialab.ch/manager/%5B%5B~50%5D%5D"
"swipf.ch","https://www.swipf.ch/food.html","Braun AG","http://swipf.visionsmedialab.ch/manager/%5B%5B~51%5D%5D"
"swipf.ch","https://www.swipf.ch/food.html","Metzgerei Frey AG","http://swipf.visionsmedialab.ch/manager/%5B%5B~50%5D%5D"
"swipf.ch","https://www.swipf.ch/food.html","Metzgerei Frey AG","http://swipf.visionsmedialab.ch/manager/%5B%5B~50%5D%5D"
"swipf.ch","https://www.swipf.ch/food.html","Metzgerei Frey AG","http://swipf.visionsmedialab.ch/manager/%5B%5B~50%5D%5D"
"swipf.ch","https://www.swipf.ch/ueber-uns/partner.html","
        
            
           
        wuudu
        Festival
    ","http://www.wuudu.ch/wuudu-festival.html"
"swipf.ch","https://www.swipf.ch/leistungen/food-truck.html","Gulaschkanone","http://swipf.visionsmedialab.ch/manager/%5B%5B~55%5D%5D"
"swipf.ch","https://www.swipf.ch/leistungen/food-truck.html","kontaktieren","http://swipf.visionsmedialab.ch/manager/%5B%5B~2%5D%5D"
"swipf.ch","https://www.swipf.ch/leistungen/swipf-fuer-zwai.html","Home-Cooking","http://swipf.visionsmedialab.ch/leistungen/leistungen/gulaschkanone.html"
"swipf.ch","https://www.swipf.ch/aktuelles/was-ist-ein-food-truck.html","Food-Trucks","http://swipf.visionsmedialab.ch/manager/%5B%5B~23%5D%5D"
"swipf.ch","https://www.swipf.ch/aktuelles/was-ist-ein-food-truck.html","Street Food","http://swipf.visionsmedialab.ch/manager/%5B%5B~28%5D%5D"
